AERONET_Database_Site_List,Num=2,Date_Generated=20:10:2016
Site_Name,Longitude(decimal_degrees),Latitude(decimal_degrees),Elevation(meters)
Cuiaba,-56.000000,-15.500000,250.000000
Alta_Floresta,-56.104453,-9.871339,277.000000
Jamari,-62.750000,-8.633333,100.000000
Tucson,-110.953003,32.233002,779.000000
GSFC,-76.839833,38.992500,87.000000
Kolfield,-74.476387,39.802223,50.000000
Porto_Nacional,-48.000000,-11.000000,210.000000
Brasilia,-47.900002,-15.917000,1100.000000
Harvard_Forest,-72.188000,42.532000,322.000000
Wallops,-75.474998,37.941666,10.000000
Hampton_Roads,-76.449997,36.783333,10.000000
Hagerstown,-77.724998,39.708332,200.000000
Hog_Island,-75.700000,37.420000,50.000000
Tukurui,-49.683331,-3.716666,100.000000
Arizona,-110.788002,32.442001,2791.000000
Santarem,-54.750000,-2.433333,70.000000
Ussuriysk,132.163500,43.700400,280.000000
Waskesiu,-106.083000,53.916698,550.000000
Ariquiums,-63.033332,-9.916667,80.000000
Colorado,-105.550003,40.450001,2500.000000
JamTown,-63.099998,-9.200000,50.000000
Key_Biscayne,-80.163330,25.731966,0.000000
Sevilleta,-106.885002,34.354721,1477.000000
Jornada,-106.516944,32.351111,1288.000000
CART_SITE,-97.486390,36.606670,318.000000
Cart_Site,-97.486390,36.606670,318.000000
NSA_YJP_BOREAS,-98.290001,55.903000,290.000000
FLIN_FLON,-101.690002,54.669998,305.000000
SSA_YJP_BOREAS,-104.650002,53.674999,490.000000
PRINCE_ALBERT,-105.699997,53.200001,425.000000
Bonanza_Creek,-148.316269,64.742805,150.000000
Mauna_Loa,-155.578003,19.539000,3397.000000
Thompson,-97.849998,55.799999,218.000000
HJAndrews,-122.223892,44.238609,830.000000
La_Crau,4.819000,43.576500,32.000000
Ukiah,-118.918884,45.133610,1100.000000
Wisconsin,-89.653725,46.051888,463.000000
Ji_Parana,-61.799999,-10.860000,100.000000
Spokane,-117.533890,47.619720,360.000000
LAMTO,-5.030000,6.210000,0.000000
Bondoukoui,-3.750000,11.850000,0.000000
Bidi_Bahn,-2.450000,14.060000,0.000000
Lille,3.141667,50.611667,60.000000
Park_Brasilia,-47.916668,-15.743333,1100.000000
Albany_Oregon,-123.066666,44.583332,67.000000
Biggs,-121.733330,39.450001,50.000000
Chapada,-55.830143,-15.360644,212.000000
Jaru,-62.547749,-10.386164,170.000000
JARU_TOWN,-62.467778,-10.443056,170.000000
Agri_School,-56.180279,-10.080833,250.000000
Teles_Peres,-56.020000,-9.667945,250.000000
Red_Bluff,-122.250000,40.150002,40.000000
Pullman,-117.191666,46.750000,0.000000
Bordman,-119.666664,45.816666,200.000000
White_Sands,-106.350998,32.918999,1197.000000
GORDO_rest,-55.993000,-15.401000,411.000000
Missoula,-114.083336,46.916668,1028.000000
Owens_Lake,-117.870697,36.487778,1167.000000
Capo_Verde,-22.935499,16.732500,60.000000
Ouagadougou,-1.400000,12.200000,290.000000
UCSB,-119.845360,34.415428,33.000000
Jug_Bay,-76.778099,38.766666,10.000000
SERC,-76.500000,38.883335,10.000000
Burtonsville,-76.949881,39.093714,140.000000
Gaithersburg,-77.208336,39.133335,50.000000
La_Jolla,-117.250000,32.869700,115.000000
SS_OJP_BOREAS,-104.690000,53.916000,500.000000
Kasama,31.183332,-10.166667,1300.000000
Boulder,-105.250000,40.016998,1600.000000
McMurdo,162.883331,-77.625000,75.000000
Barcelona,2.116970,41.385670,125.000000
OBS-SSA,-105.120000,53.985000,580.000000
CANDLE_LAKE,-105.267000,53.733000,503.000000
Paddockwood,-105.500000,53.500000,503.000000
Hong_Kong_Hok_Tsui,114.258000,22.209700,80.000000
SEDE_BOKER,34.782222,30.855000,480.000000
Madison,-89.410000,43.070000,326.000000
Tuxtla_Gutierrez,-93.152222,16.754722,590.000000
Tenosique,-91.425556,17.487500,20.000000
Trinidad_Head,-124.151017,41.053917,105.000000
Dead_Horse,-148.698333,69.428333,332.000000
CARTEL,-71.931333,45.379333,300.000000
Toronto,-79.470000,43.780000,300.000000
North_Slope,-148.666500,69.627333,100.000000
Mongu,23.150833,-15.253611,1107.000000
El_Refugio,-62.034722,-14.766388,225.000000
SANTA_CRUZ,-63.177717,-17.802133,442.000000
Campo_Grande,-54.616667,-20.450000,500.000000
Uberlandia,-48.283330,-18.900000,850.000000
Alianca,-47.533333,-14.733333,800.000000
CAMPO_VERDE,-55.175000,-15.561667,697.000000
Pantanal,-56.621833,-16.395500,140.000000
Potosi_Mine,-62.866670,-9.283333,80.000000
Repressa_Samuel,-63.459333,-8.755167,100.000000
Flor_De_Oro,-61.013889,-13.553056,225.000000
Banizoumbou,2.664750,13.541167,250.000000
Lanai,-156.921667,20.735000,20.000000
Coconut_Island,-157.789717,21.432900,0.000000
LANAI,-156.985000,20.826150,80.000000
OceolaNF,-82.442778,30.205278,0.000000
JonesERC,-84.471111,31.230830,50.000000
TallTimbers,-84.238890,30.664167,0.000000
OkefenokeeNWR,-82.128611,30.741111,0.000000
Bermuda,-64.696111,32.370000,10.000000
Dry_Tortugas,-82.871944,24.628056,0.000000
JUNGFRAU,7.983889,46.548056,3580.000000
Ascension_Island,-14.414722,-7.976389,30.000000
Windsor_B,-83.083000,42.283000,200.000000
Barbados,-59.616661,13.150111,114.000000
Tahiti,-149.606300,-17.576900,98.000000
MALE,73.529167,4.191667,2.000000
Tamihua,-97.442450,21.260717,10.000000
Barrow,-156.665000,71.312200,0.000000
T0_MAX_MEX,-99.148500,19.489944,2257.000000
Quarzazate,-6.909000,30.939000,1150.000000
Cartel_X,-71.931333,45.379333,300.000000
REUNION_ST_DENIS,55.483333,-20.883333,0.000000
Tromelin,54.517333,-15.889167,7.000000
Rame_Head,-4.149500,50.366000,0.000000
Dakar,-16.958611,14.394167,0.000000
CRETE,25.667833,35.337667,140.000000
Guadeloup,-61.500000,16.333333,0.000000
Aire_Adour,0.250000,43.700000,80.000000
Miami,-80.279720,25.722920,32.000000
Sterling,-77.466670,38.983330,50.000000
Sandy_Hook,-73.993330,40.448056,0.000000
BONDVILLE,-88.371944,40.053333,212.000000
Kaloma,24.827500,-14.860000,1230.000000
Mfuwe,31.930833,-13.256667,550.000000
MISR-JPL,-118.174390,34.199000,367.000000
Senanga,23.293333,-16.108889,1025.000000
Los_Fieros,-60.616667,-14.550000,225.000000
LOS_FIEROS_98,-60.929000,-14.556000,170.000000
NEW_YORK,-74.000000,40.770000,0.000000
Zambezi,23.107194,-13.533167,1040.000000
Cheritan,-75.971778,37.289478,5.000000
Las_Cardes,-71.257778,-30.250833,240.000000
CUIABA_01,-56.000000,-15.500000,250.000000
Bratts_Lake,-104.700000,50.280000,586.700000
Tombstone,-110.050000,31.742000,1408.000000
CUIABA_02,-56.000000,-15.500000,250.000000
Dalanzadgad,104.419167,43.577222,1470.000000
Ulaangom,92.078183,49.973035,1363.000000
Venise,12.508300,45.313900,10.000000
T1_MAX_MEX,-98.981950,19.703067,2272.000000
Joberg,28.029167,-26.186133,1736.000000
Manaus,-60.038640,-2.599080,93.000000
Windsor_M,-82.870000,42.170000,190.000000
Xanthi,24.918950,41.146767,54.000000
Krasnoyarsk,92.766667,55.983333,202.000000
San_Nicolas,-119.486972,33.256889,133.000000
Sesheke,24.303889,-17.480830,951.000000
Izana,-16.499060,28.309320,2391.000000
Tenerife,-16.633333,28.033333,10.000000
Lunar_Lake,-115.988383,38.390083,1908.000000
Teide,-16.642800,28.272500,3570.000000
Sioux_Falls,-96.625983,43.736283,500.000000
Walker_Branch,-84.287500,35.958333,365.000000
Niabrara,-100.020000,42.764833,730.000000
Egbert,-79.750000,44.225667,264.000000
Ispra,8.626700,45.803050,235.000000
Mainz,8.300000,49.999000,150.000000
Ben_McDhui,27.617500,-30.710833,2450.000000
Brookhaven,-72.889167,40.870000,33.000000
Saturn_Island,-123.133000,48.783000,200.000000
Latoya,23.299883,-15.678133,1064.000000
Kaashidhoo,73.466000,4.965000,0.000000
Surinam,-55.200000,5.800000,0.000000
Oyster,-75.933192,37.295044,8.700000
NCU_Taiwan,121.191667,24.966667,171.000000
Ilorin,4.340000,8.320000,350.000000
Concepcion,-62.028000,-16.138167,500.000000
Dongsha_Island,116.728833,20.698556,5.000000
Rogers_Lake,-117.830000,34.970000,0.000000
Chao_Jou,120.529167,22.513056,0.000000
Arica,-70.313333,-18.471667,25.000000
Tinga_Tingana,139.990933,-28.975833,38.000000
Monclova,-101.470000,25.950000,600.000000
Aguascalientes,-102.320000,21.700000,2000.000000
MCO-Hanimaadhoo,73.183183,6.776350,0.000000
NASA_LaRC,-76.378640,37.104960,5.000000
Pickle_Lake,-90.217500,51.449444,393.000000
IMAA_Potenza,15.720000,40.600000,820.000000
Andros_Island,-77.800000,24.700000,0.000000
Kejimkujik,-65.283300,44.383333,154.500000
Lydenburg,30.766666,-24.566666,1186.000000
Skukuza,31.587500,-24.991700,150.000000
Bahrain,50.609267,26.208050,25.000000
Table_Mountain,-105.237000,40.125000,1689.000000
TABLE_MOUNTAIN_CA,-117.680000,34.380000,2200.000000
Howland,-68.733333,45.200000,100.000000
Chequamegon,-90.250000,45.933333,0.000000
USDA,-76.879997,39.029999,50.000000
Honolulu,-157.886100,21.317200,0.000000
St_John_Island,-64.730000,18.320000,0.000000
Barnaul,83.772222,53.341667,202.000000
Bethlehem,28.333333,-28.248333,1709.000000
Solar_Village,46.397286,24.906933,764.000000
Abracos_Hill,-62.358333,-10.760000,200.000000
EOPACE1,-75.750750,36.182167,0.000000
EOPACE2,-75.744717,36.183583,0.000000
Mexico_City,-99.181667,19.333611,2268.000000
Carlsbad,-104.233167,32.368833,942.000000
Buena_Vista,-119.260000,35.220000,0.000000
Rimrock,-116.991667,46.487500,824.000000
Chinhae,128.652433,35.155800,69.000000
Albuquerque,-106.535836,35.051672,1645.000000
Kolimbari,23.783333,35.533333,0.000000
Helgoland,7.887361,54.177861,33.000000
Tahoe_City,-120.135000,39.173300,1899.000000
Nauru,166.915900,-0.520600,7.000000
Shelton,-98.760286,40.750064,563.000000
Creteil,2.442783,48.788500,57.000000
Mont_Joli,-68.156000,48.640000,30.000000
Marina,-121.808717,36.808717,15.000000
Gotland,18.950000,57.916667,10.000000
Konza,-96.559667,39.082500,457.000000
Sopot,18.564722,54.450833,0.000000
Clermont_Ferrand,2.961944,45.760000,1464.000000
Palaiseau,2.208333,48.700000,156.000000
Saclay,2.166660,48.733330,160.000000
Paris,2.333333,48.866667,50.000000
Toulouse,1.373889,43.574722,150.000000
TOULOUSE,1.476389,43.561944,150.000000
Moldova,28.815600,47.000100,205.000000
MD_Science_Center,-76.616667,39.283333,15.000000
GOA_INDIA,73.806111,15.452500,20.000000
Dharwar,74.988611,15.428611,700.000000
Aguas_Emendadas,-47.656300,-15.581750,1100.000000
Belterra,-54.951650,-2.648483,70.000000
Balbina,-59.486800,-1.916983,80.000000
CEILAP-BA,-58.500000,-34.566667,10.000000
Anmyon,126.330194,36.538537,47.000000
Katibougou,-7.532000,12.916667,0.000000
Cordoba-CETT,-64.463682,-31.524075,730.000000
Dead_Sea,35.450000,31.100000,-410.000000
COVE,-75.710000,36.900000,37.000000
China_Lake,-117.744533,35.674100,800.000000
Tremiti,15.490115,42.117965,4.000000
IMS-METU-ERDEMLI,34.255000,36.565000,3.000000
Avignon,4.878067,43.932750,32.000000
Mammoth_Lake,-119.033333,37.616667,2930.000000
Rogers_Dry_Lake,-117.885000,34.925550,680.000000
Stennis,-89.616667,30.368014,20.000000
El_Arenosillo,-6.733472,37.105000,0.000000
UCLA,-118.450000,34.070000,131.000000
Nes_Ziona,34.789167,31.922500,40.000000
Maricopa,-111.972298,33.069023,360.000000
Inhaca,32.905000,-26.040583,73.500000
Kyiv,30.496667,50.363611,200.000000
Churchill,-93.818167,58.736000,10.000000
IMC_Oristano,8.500000,39.910000,10.000000
Azores,-28.630000,38.530000,50.000000
Hamburg,9.973333,53.568333,105.000000
KONZA_EDC,-96.609600,39.102328,341.000000
Roosevelt_Roads,-65.600000,18.200000,10.000000
Puerto_Madryn,-65.010000,-42.790000,15.000000
Modena,10.945278,44.631667,56.000000
La_Parguera,-67.045383,17.970450,12.400000
Rio_Branco,-67.869350,-9.957467,212.000000
Lampedusa,12.631667,35.516667,45.000000
Maun_Tower,23.550000,-19.900000,940.000000
Ndola,28.658333,-12.995000,1270.000000
Solwezi,26.363333,-12.170667,1333.000000
Cairo_University,31.207317,30.026167,50.000000
Sua_Pan,26.066667,-20.533333,900.000000
Swakopmund,14.564033,-22.657850,250.000000
GISS,-73.959900,40.797700,50.000000
Etosha_Pan,15.914383,-19.175017,1131.000000
Mwinilunga,24.430667,-11.740000,1430.000000
Pietersburg,29.450000,-23.883333,1200.000000
Kaoma,24.794833,-14.792667,1179.000000
SKUKUZA_AEROPORT,31.593000,-24.969000,293.000000
Osaka,135.590633,34.650933,50.000000
Bucarest,26.525000,44.450000,44.000000
Shirahama,135.356917,33.693450,10.000000
BSRN_BAO_Boulder,-105.006033,40.045183,1604.000000
Kanpur,80.231639,26.512778,123.000000
Midway_Island,-177.378333,28.209833,20.000000
Billerica,-71.268619,42.528347,82.000000
Moscow_MSU_MO,37.510000,55.700000,192.000000
Minsk,27.601000,53.920000,200.000000
Beijing,116.381370,39.976890,92.000000
NUIST,118.717150,32.206483,62.000000
Ningbo,121.546872,29.859945,37.000000
Qiandaohu,119.052633,29.555717,133.000000
Shanghi_Met,121.548517,31.221383,5.000000
Shanghi_Minhang,121.397340,31.130450,49.000000
Perth,115.893611,-32.008056,0.000000
Kelowna,-119.373000,49.955333,344.000000
CEILAP-UTN,-58.468611,-34.659722,27.000000
New_Delhi,77.175100,28.630467,240.000000
Okinawa,127.768333,26.356667,46.000000
Kuopio,27.633606,62.892414,105.000000
Agoufou,-1.479117,15.345400,305.000000
Sao_Paulo,-46.734983,-23.561500,865.000000
MPI_Mainz,8.237500,49.992000,147.000000
Seoul_SNU,126.951111,37.458056,116.000000
Angiola,-119.538000,35.947000,210.000000
Gerlitzen,13.906667,46.678333,1900.000000
Al_Dhafra,54.549667,24.254278,40.000000
SteamboatSpring,-106.807117,40.404867,2120.000000
Rome_Tor_Vergata,12.647333,41.839550,130.000000
SMHI,16.150000,58.580000,0.000000
Rottnest_Island,115.501667,-32.000103,70.000000
THALA,8.683333,35.550000,1091.000000
Gosan_SNU,126.161667,33.292222,72.000000
CUIABA-MIRANDA,-56.020800,-15.729500,210.000000
XiangHe,116.961500,39.753600,36.000000
Orizaba,-97.324167,19.106111,3246.000000
Dunhuang,94.794000,40.038380,1300.000000
Bragansa,-46.641000,-0.834000,55.000000
Noto,137.136944,37.334444,200.000000
Leipzig,12.435278,51.352500,125.000000
Inner_Mongolia,115.953700,42.683190,1343.000000
Lan_Yu_Island,121.558111,22.037306,348.000000
Yulin,109.716667,38.283333,1080.000000
BORDEAUX,-0.579167,44.788028,40.000000
Marseille,5.383817,43.282400,100.000000
Realtor,5.383817,43.485550,208.000000
Vinon,5.758650,43.709233,304.000000
Railroad_Valley,-115.962000,38.504000,1435.000000
Wan-Li,121.580900,25.294450,93.300000
Oostende,2.925000,51.225000,23.000000
Homburi,-1.546667,15.329167,280.000000
Philadelphia,-75.004667,40.035667,20.000000
Davos,9.843800,46.812917,1596.000000
Penn_State_Univ,-78.080900,40.742100,401.000000
Lochiel,-122.602000,49.028000,0.000000
Santiago,-70.717033,-33.489633,510.000000
Rochester,-77.586400,44.233700,0.000000
Big_Meadows,-78.436111,38.521944,1082.000000
Tarbes,0.083333,43.250000,350.000000
Biarritz,-1.550000,43.483333,0.000000
Pic_du_midi,0.141300,42.937217,2898.000000
CCNY,-73.949036,40.821313,100.000000
The_Hague,4.326820,52.110480,18.000000
Columbia_SC,-81.036333,34.022803,104.200000
Jabiru,132.893100,-12.660700,30.000000
Lake_Argyle,128.748500,-16.108100,150.000000
Munich_University,11.573000,48.148000,533.000000
Lecce_University,18.111389,40.335111,30.000000
Coleambally,146.064400,-34.810100,127.000000
Tarbes_Etal,0.049283,43.224033,332.000000
Kuwait_University,47.971000,29.325000,42.000000
Hermosillo,-110.960000,29.074722,237.000000
Yekaterinburg,59.545000,57.038333,300.000000
Mussafa,54.466667,24.371667,10.000000
Tomsk,85.047000,56.477333,130.000000
London-UCL-UAO,-0.131101,51.524270,46.605000
Yakutsk,129.366667,61.661667,118.500000
ATHENS-NOA,23.775000,37.988000,130.000000
Dahkla,-15.950000,23.716667,12.000000
ISDGM_CNR,12.331982,45.436981,20.000000
Taipei_CWB,121.500000,25.030000,26.000000
Chen-Kung_Univ,120.216667,23.000000,50.000000
Fontainebleau,2.680278,48.406667,85.000000
Munich_Maisach,11.258000,48.209000,520.000000
Norfolk_State_Univ,-76.259000,36.848000,20.000000
Monterey,-121.854867,36.592550,50.000000
Belsk,20.791667,51.836667,190.000000
Fresno,-119.773167,36.781733,0.000000
IHOP-Homestead,-100.606183,36.558333,850.000000
Toravere,26.460000,58.255000,70.000000
Corcoran,-119.566100,36.103430,110.000000
Andenes,16.008611,69.278333,379.000000
SMEX,-93.664000,41.936000,316.000000
Halifax,-63.594000,44.638000,65.000000
Villefranche,7.328889,43.683889,130.000000
Jaru_Reserve,-61.933333,-10.083333,162.000000
CRYSTAL_FACE,-80.422167,25.650167,5.000000
Ji_Parana_UNIR,-61.966667,-10.883333,100.000000
North_Pole,24.254330,88.803330,0.000000
Wits_University,28.028972,-26.192444,1775.000000
Ahi_De_Cara,-3.229722,37.116667,2103.000000
Armilla,-3.242222,37.133333,691.000000
Pitres,-3.222222,36.933333,1252.000000
Kuujjuarapik,-77.800000,55.300000,0.000000
Porto_Velho,-63.950000,-8.770000,110.000000
FORTH_CRETE,25.282417,35.332694,20.000000
AntarcticaDomeC,123.300000,-75.083333,3260.000000
Palencia,-4.515694,41.988572,750.000000
Canberra,149.111100,-35.271300,600.000000
Lannion,-3.461944,48.730833,15.000000
Amsterdam_Island,77.573333,-37.810000,30.000000
Chulalongkorn,100.530278,13.736111,115.000000
Omkoi,98.431667,17.798333,1120.000000
Pimai,102.564167,15.181944,220.000000
Hua_Hin,99.951111,12.634444,1.000000
Palgrunden,13.151500,58.755333,49.000000
Bac_Giang,106.225472,21.291416,15.000000
Bac_Lieu,105.730000,9.280000,10.000000
Cabo_Raso,-9.485870,38.709370,20.000000
Carpentras,5.058333,44.083333,100.000000
Kellogg_LTER,-85.371717,42.407983,293.000000
Rossfeld,7.624750,48.335139,167.000000
Cabauw,4.927000,51.971000,-0.700000
Longyearbyen,15.649000,78.222833,30.000000
Great_Falls,-77.245000,39.005333,0.000000
Riverside_Park,-77.066667,38.716667,0.000000
Rockville,-77.129582,39.056085,0.000000
The_Mall,-77.030917,38.889522,6.000000
Greenbelt_Park,-76.893550,38.746000,0.000000
Worthington_ES,-76.792985,39.244536,160.000000
Mt_Royal_ES_MS,-76.625087,39.309093,80.000000
Mt_Washington_ES,-76.654590,39.366310,100.000000
Southeast_MS,-76.530643,39.284685,0.000000
Talmudical_Academy,-76.746190,39.369406,100.000000
Sugarcone,-76.685833,39.384722,0.000000
Frederick_Douglas,-76.654572,39.315484,80.000000
Hamilton_El_MS,-76.558236,39.358986,100.000000
Lakeland_El_MS,-76.645314,39.254146,100.000000
Lansdowne_HS,-76.648472,39.245066,35.000000
Robert_Poole_MS,-76.637520,39.330410,27.000000
Waters_Art_Gallery,-76.616667,39.300000,0.000000
Patapsco_MS,-76.847241,39.303046,0.000000
Catonsville,-76.752500,39.279000,0.000000
Windsor_Corp_Park,-76.754500,39.326500,157.000000
St_Timothys_Lane,-76.728612,39.272724,0.000000
Glendale_Park,-76.578817,39.383700,0.000000
Clifton_Park,-76.590533,39.314306,0.000000
LW-SCAN,-97.978840,34.960470,358.000000
Toulon,6.009444,43.135556,50.000000
Dunkerque,2.368117,51.035350,0.000000
Irkutsk,103.086644,51.799797,670.000000
Evora,-7.911500,38.567833,293.000000
ETNA,15.019433,37.613500,736.000000
Sao_Martinho_SONDA,-53.823444,-29.443333,489.000000
Brasilia_SONDA,-47.713480,-15.601290,992.000000
Petrolina_SONDA,-40.500000,-9.383300,370.000000
Campo_Grande_SONDA,-54.538100,-20.438300,677.000000
Ellington_Field,-95.180000,29.600000,25.000000
Hyytiala,24.295892,61.846447,191.000000
MVCO,-70.550000,41.300000,10.000000
Laegeren,8.351389,47.480278,735.000000
Egbert_X,-79.750000,44.225667,264.000000
Mace_Head,-9.900000,53.330000,20.000000
Blida,2.880556,36.508333,230.000000
Dhabi,54.382778,24.480556,15.000000
New_Hampshire_Univ,-70.920000,43.132500,30.000000
Crozet_Island,51.850361,-46.434806,221.000000
Mukdahan,104.676111,16.606667,166.000000
Los_Alamos,-106.326067,35.873583,2350.000000
BEIJING_2002,116.283333,39.933333,0.000000
Cabo_da_Roca,-9.500000,38.783333,140.000000
Messina,15.566833,38.197500,15.000000
Panama_BCI,-79.850000,9.166667,0.000000
Djougou,1.599010,9.760070,400.000000
Gwangju_GIST,126.843139,35.228278,52.000000
Thessaloniki,22.960000,40.630000,60.000000
Rio_Piedras,-66.051483,18.401850,30.000000
Umm_Al_Quwain,55.658333,25.533333,20.000000
Abu_Dhabi,54.328889,24.476111,7.000000
Ames,-93.774778,42.021361,338.000000
Darwin,130.891500,-12.424000,29.000000
IER_Cinzana,-5.933867,13.278433,285.000000
Granada,-3.605000,37.164000,680.000000
Mezaira,53.778611,23.145000,204.000000
Al_Khaznah,55.100556,24.158611,192.000000
Hamim,54.300000,22.966667,209.000000
Jabal_Hafeet,55.776383,24.058217,1059.000000
Al_Qlaa,53.033333,24.133333,5.000000
Saada,-8.155830,31.625830,420.000000
Saih_Salam,55.312783,24.829467,84.000000
Dhadnah,56.324717,25.512817,81.000000
Chebogue_Point,-66.123000,43.747000,0.000000
Resolute_Bay,-94.900000,74.733333,40.000000
MAARCO,54.658833,24.700333,10.000000
SMART,55.612064,24.249321,250.000000
Abu_Al_Bukhoosh,53.145833,25.495000,24.500000
Dalma,52.331667,24.502222,0.000000
Sir_Bu_Nuair,54.233333,25.216667,10.000000
Pune,73.805491,18.537255,559.000000
Nicelli_Airport,12.382417,45.426444,13.000000
Santa_Cruz_Tenerife,-16.247361,28.472528,52.000000
Moss_Landing,-121.788167,36.793133,20.000000
Zakum_Field,53.613167,24.835267,37.500000
Cape_San_Juan,-65.619900,18.384500,15.000000
Fresno_X,-119.773167,36.781733,0.000000
Sioux_Falls_X,-96.625983,43.736283,500.000000
Kapoho,-154.810806,19.516222,0.000000
Prospect_Hill,-64.695833,32.369722,63.000000
Karlsruhe,8.427900,49.093300,140.000000
Bodele,18.550000,16.883000,179.000000
Gustav_Dalen_Tower,17.466830,58.594170,25.000000
Liangning,122.701300,41.511800,15.000000
Hornsund,15.560278,77.001111,10.000000
Cairo_EMA,31.290067,30.080767,70.000000
COVE_SEAPRISM,-75.710000,36.900000,24.000000
Fort_McMurray,-111.476139,56.752306,360.000000
Elandsfontein,29.417572,-26.245342,1740.000000
OHP_OBSERVATOIRE,5.710000,43.935000,680.000000
WSTF,-106.608889,32.506389,1475.000000
Monks_Wood,-0.235211,52.402178,93.000000
Tonopah_Airport,-117.090520,38.050440,1580.000000
Caceres,-6.343467,39.478583,397.000000
Praia,-23.484000,14.947000,70.000000
MUBFS,30.366667,0.566667,1250.000000
SMART_POL,55.612064,24.249321,250.000000
Birdsville,139.345960,-25.898930,46.500000
Asia1,87.650000,43.783333,935.900000
Taihu,120.215333,31.421000,20.000000
Red_Mountain_Pass,-107.725000,37.908333,3368.000000
Asmara,38.922392,15.342864,0.000000
Dunedin,170.513644,-45.863937,43.000000
Chilbolton,-1.436980,51.144460,88.000000
Hefei,117.162222,31.904722,36.000000
Trelew,-65.308611,-43.249806,15.000000
CEILAP-RG,-69.320000,-51.600000,15.000000
Hong_Kong_PolyU,114.179722,22.303333,30.000000
DMN_Maine_Soroa,12.023067,13.216717,350.000000
Taichung,120.491330,24.106167,10.000000
ICIPE-Mbita,34.200000,-0.416700,1125.000000
Nairobi,36.865300,-1.338882,1650.000000
Kibale,30.357500,0.560450,1536.000000
Merredin,118.226389,-31.493056,315.000000
Ji_Parana_SE,-61.851517,-10.934250,218.000000
La_Paz,-68.066467,-16.539000,3439.000000
Tamanrasset_INM,5.530000,22.790000,1377.000000
Tamanrasset_TMP,5.530000,22.790000,1377.000000
USDA-BARC,-76.932180,39.031270,46.000000
Xinglong,117.578333,40.396389,970.000000
T2_MAX_MEX,-98.908800,20.010183,2542.000000
Tampico_MAX_MEX,-97.864167,22.278283,15.000000
Tudor_Hill,-64.879000,32.264000,51.000000
Veracruz_MAX_MEX,-96.186667,19.144444,10.000000
Ras_El_Ain,-7.599444,31.670278,570.000000
Lulin,120.873611,23.468611,2868.000000
EVK2-CNR,86.813333,27.958611,5050.000000
Ny_Alesund,11.860850,78.929433,46.000000
Guam,144.800783,13.430617,62.000000
Adelaide_Site_7,138.656483,-34.725067,30.000000
Gandhi_College,84.127944,25.871000,60.000000
Crete_TEI,25.100000,35.300000,122.000000
Helsinki_Lighthouse,24.926360,59.948970,20.000000
Milyering,113.923080,-22.029190,10.000000
Richland,-119.280000,46.340000,123.000000
Chapais,-74.975400,49.822433,373.440000
EPA-NCU,121.185483,24.967533,144.000000
Sevastopol,33.517333,44.615833,80.000000
Smith_Island_CBF,-76.023850,37.969183,0.000000
Niamey,2.172222,13.481389,205.000000
Brussels,4.350000,50.783332,120.000000
Muscat,58.435667,23.606383,22.000000
Lhasa,91.032917,29.645500,3690.000000
Zvenigorod,36.775000,55.695000,200.000000
Epanomi,22.978000,40.375000,20.000000
SACOL,104.137083,35.946000,1965.800000
NAM_CO,90.962450,30.772517,4740.000000
Univ_of_Houston,-95.341600,29.717700,65.000000
Al_Ain,55.705167,24.242167,283.000000
Sonmiani,66.594812,25.688867,0.000000
Mount_Chacaltaya,-68.131500,-16.350139,5233.000000
Karachi,67.030000,24.870000,49.000000
Appledore_Island,-70.615361,42.987064,35.000000
Thompson_Farm,-70.948344,43.108772,26.000000
PKU_PEK,116.184000,39.593000,66.000000
Yufa_PEK,116.184000,39.309000,20.000000
City_GZ,113.158000,23.081000,58.000000
BackGarden_GZ,113.021000,23.296000,150.000000
Singapore,103.780383,1.297667,30.000000
SQU_Oman,58.435667,23.606383,0.000000
White_Sands_HELSTF,-106.338072,32.634942,1207.240000
Huang_Shan,118.150000,30.130000,1840.000000
Frenchman_Flat,-115.934790,36.809280,940.000000
Lahore,74.324753,31.542494,270.000000
Sodankyla,26.629570,67.366620,184.000000
SANTA_CRUZ_UTEPSA,-63.200961,-17.767325,432.000000
Moved_Bac_Giang,54.658833,24.700333,10.000000
Eilat,34.917500,29.502500,15.000000
USDA-Howard,-76.877500,39.054200,52.800000
Thule,-68.769001,76.516102,225.000000
Chiang_Mai,98.986944,18.813333,324.000000
PEARL,-86.416944,80.053611,615.000000
OPAL,-85.939167,79.990278,0.000000
NASA_Ames,-122.056969,37.419986,10.000000
OK_St_Univ,-97.917340,35.045640,331.000000
Porquerolles,6.161389,43.001389,22.000000
Puspiptek,106.664383,-6.355600,15.000000
Burjassot,-0.418000,39.508000,30.000000
Dilar,-3.384722,37.064167,2896.000000
La_Laguna,-16.321111,28.481944,568.000000
Mount_Gibbes,-82.293000,35.783000,2006.000000
LA-TM,119.440000,30.324000,439.000000
Bucharest_Inoe,26.029722,44.348056,93.000000
Calipso_Strasburg,-76.219300,39.934467,131.000000
Calipso_Prt_Deposit,-76.116367,39.604000,4.000000
Calipso_Price,-75.959017,39.097367,5.000000
Calipso_West_Denton,-75.894331,38.914961,15.000000
Calipso_Brookview,-75.794308,38.576022,0.000000
Calipso_Mardela_Spr,-75.747950,38.469083,8.000000
Calipso_Princess_An,-75.684890,38.213220,4.000000
Calipso_Ninetown_Rd,-75.910000,38.964983,12.000000
Calipso_Poplar_Tree,-77.414233,38.863400,93.000000
Calipso_Sterling_PO,-77.457567,39.001200,70.000000
Calipso_Ashburn,-77.476167,39.065900,114.000000
Calipso_Peckman_Frm,-77.750033,39.938633,189.000000
OBERNAI,7.542500,48.442778,161.000000
Calipso_Zion,-76.199000,39.932389,120.000000
Calipso_Perryville,-76.072656,39.560672,16.000000
Calipso_Kennedyvill,-75.991983,39.305500,17.000000
Calipso_Pine_Cove,-75.969347,39.238669,7.000000
Calipso_Bowers_Rd,-75.955397,39.193347,14.000000
Calipso_Ridgely,-75.881500,38.948630,15.000000
Calipso_WofDenton,-75.862416,38.898850,14.000000
Calipso_WillistonLk,-75.846300,38.828930,5.000000
Calipso_Harrison_Rd,-75.771000,38.631950,21.000000
Calipso_NUFerry_Rd,-75.690760,38.345570,3.000000
Silpakorn_Univ,100.041183,13.819308,72.000000
Chiang_Mai_Met_Sta,98.972467,18.771125,312.000000
Songkhla_Met_Sta,100.604583,7.184387,15.000000
Calipso_Belmont_Scl,-77.489763,39.089278,94.000000
Calipso_Fincastle,-77.475350,39.050183,81.000000
Calipso_Braddock_Rd,-77.408287,38.827030,110.000000
Calipso_Kinchaloe,-77.390121,38.755423,46.000000
Calipso_W_Strasburg,-76.231117,39.946550,113.000000
Calipso_Church_Hill,-75.981717,39.147466,14.000000
Calipso_Tuckahoe,-75.932939,38.979173,6.000000
Calipso_Washtn_High,-75.686733,38.180050,1.000000
Calipso_W_Mardela,-75.774633,38.460833,6.000000
Calipso_Cooper_Rd,-75.731586,38.325469,3.000000
Calipso_Loudon_Rd,-77.788517,39.938933,201.000000
Calipso_Sanders_ES,-77.510017,39.038485,99.000000
Calipso_Westfield_H,-77.464783,38.887517,88.000000
Calipso_Ormand_MS,-77.454630,38.855649,76.000000
Hotan,79.933333,37.133333,1374.700000
HAMI,93.516667,42.816667,738.800000
Hangzhou-ZFU,119.727417,30.257233,14.000000
Calipso_Flat_Iron,-75.998673,39.110825,19.000000
Calipso_White_Marsh,-75.988634,39.075915,13.000000
Calipso_Crouse_Mill,-75.951630,38.958531,15.000000
Calipso_Hillsboro,-75.939151,38.915783,5.000000
Calipso_Hurlock,-75.846240,38.619160,8.000000
Calipso_Vienna,-75.816541,38.493536,0.000000
Gual_Pahari,77.150000,28.426390,384.000000
Yaqui,-109.912000,27.280833,40.000000
Abisko,18.817000,68.350000,390.000000
Calipso_Signal_Hill,-77.440433,38.752983,87.000000
Ragged_Point,-59.432035,13.165018,40.000000
Issyk-Kul,76.983056,42.622778,1650.000000
Calipso_Morgnec_Rd,-76.030740,39.235670,0.000000
Calipso_Church_H_Rd,-75.999167,39.132667,15.000000
Calipso_Dean_Rd,-75.957500,39.002750,11.000000
Calipso_Hillsboro_E,-75.932533,38.916900,12.000000
Black_Forest_AMF,8.396867,48.540050,511.000000
Autilla,-4.603056,41.997222,873.000000
Suffield,-111.130771,50.281550,761.772000
Kirtland_AFB,-106.507403,34.950810,1711.312000
CRPSM_Malindi,40.194500,-2.996000,12.000000
Leicester,-1.122310,52.619310,89.000000
Hangzhou_City,120.156917,30.289633,30.000000
South_Pole_Obs_NOAA,70.300000,-89.996430,2850.000000
EIM-Sindos,22.799667,40.689717,12.000000
Marambio,-56.625244,-64.239996,200.000000
Urumqi,87.568900,43.871390,767.400000
Le_Fauga,1.284600,43.384230,193.000000
Sinhgad,73.750000,18.366667,1450.000000
Trivandrum,76.866667,8.533333,0.000000
Ahmedabad,72.516667,23.016667,55.000000
Zinder_DMN,8.984100,13.775417,460.000000
Yellowknife,-114.407150,62.452433,201.000000
Iqaluit,-68.542997,63.747575,15.000000
Kandahar,65.847778,31.508611,1007.000000
Kangerlussuaq,-50.621400,66.995800,320.000000
Ponmudi,77.116014,8.757728,879.000000
Jingtai,104.100000,37.333333,1604.000000
Zhangye,100.275556,39.078889,1461.000000
Vishkhapatnam,83.326933,17.723950,30.000000
UAHuntsville,-86.644730,34.725330,223.000000
Nainital,79.458270,29.358830,1939.000000
Pantnagar,79.520889,29.046339,241.000000
Bareilly,79.436960,28.389960,169.000000
Mobile_N_050608,80.439070,26.506240,103.000000
Mobile_C_050608,80.488590,26.302890,103.000000
Mobile_S_050608,80.532820,26.125130,103.000000
Hand_N_050608,80.483710,26.325340,103.000000
Hand_S_050608,80.492658,26.285554,103.000000
Hand_E_050608,80.513650,26.310560,103.000000
Hand_W_050608,80.463120,26.302580,103.000000
Bushland,-102.093840,35.186780,1168.000000
Mobile_Kanpur_West,80.123238,26.419177,130.000000
Mobile_Kanpur_East,80.439397,26.458519,115.000000
Chitrakoot,80.855180,25.147880,167.000000
Hand_Kanpur_North,80.312084,26.498573,127.000000
Hand_Kanpur_South,80.317334,26.410696,129.000000
Hand_Kanpur_RR,80.350620,26.455467,128.000000
Hand_Kanpur_Panki,80.256383,26.478837,128.000000
Mobile_DDun_051308W,77.948764,30.234656,706.000000
Mobile_N_051308W,78.777620,26.994310,139.000000
Mobile_S_051308W,78.869934,26.636032,142.000000
Mobile_N_051508E,81.928933,26.773544,100.000000
Mobile_S_051508E,82.061369,26.242848,90.000000
Mobile_N_052208,80.464300,26.509870,127.000000
Mobile_C_052208,80.514990,26.310690,101.000000
Mobile_S_052208,80.562140,26.115650,127.000000
Hand_N_052208,80.509415,26.330975,127.000000
Hand_E_052208,80.535750,26.311853,127.000000
Hand_W_052208,80.490139,26.305433,127.000000
Hand_S_052208,80.519205,26.285554,127.000000
Saint_Mandrier,5.944167,43.066944,44.000000
Bozeman,-111.045013,45.662204,1507.000000
Mobile_S_052908W,78.898900,26.663700,147.000000
Mobile_N_052908W,78.826600,26.952400,156.000000
Mobile_Kanpur_South,80.300721,26.352916,128.000000
Mobile_Kanpur_SE,80.418110,26.378525,128.000000
Mobile_N_053108E,81.970210,26.768740,106.000000
Mobile_S_053108E,82.106651,26.216392,0.000000
Mobile_Kanpur_W2,80.121720,26.418500,130.000000
Mobile_N_060708,80.505745,26.530687,174.000000
Mobile_C_060708,80.526795,26.449369,155.000000
Mobile_S_060708,80.610912,26.105807,142.000000
Hand_N_060708,80.521825,26.471783,170.000000
Hand_W_060708,80.503528,26.444729,170.000000
Hand_E_060708,80.550952,26.454992,170.000000
Hand_S_060708,80.532308,26.427958,170.000000
Kanzelhohe_Obs,13.907000,46.678000,1526.000000
Valladolid_Sci,-4.714800,41.656200,701.000000
Ersa,9.359289,43.003669,80.000000
Mobile_N_061408W,78.857800,26.927970,154.000000
Mobile_S_061408W,78.918800,26.683150,149.000000
Mobile_N_061608E,81.981180,26.769850,85.000000
Mobile_S_061608E,82.096560,26.305600,76.000000
Mobile_N_062308,80.478321,26.513011,126.000000
Mobile_C_062308,80.529580,26.307090,117.000000
Mobile_S_062308,80.570527,26.147783,122.000000
Hand_N_062308,80.472744,26.534002,128.000000
Hand_E_062308,80.502767,26.517783,125.000000
Hand_S_062308,80.483767,26.491036,127.000000
Hand_W_062308,80.453910,26.508091,124.000000
Kanpur_Central_RR,80.350620,26.455467,128.000000
Panki_Powerplant,80.256383,26.478837,128.000000
Baneasa,26.077806,44.511333,127.000000
Helsinki,24.960650,60.203733,52.800000
Paposo,-70.450111,-25.007167,0.000000
Iquique,-70.180000,-20.535200,0.000000
Kaiping,112.538600,22.315200,51.000000
Camaguey,-77.849900,21.422300,122.000000
El_Segundo,-118.382300,33.912500,25.000000
Dayton,-84.109618,39.775977,243.000000
Arcachon,-1.163222,44.663528,11.000000
Wytham_Woods,-1.332500,51.770278,160.000000
Zhongshan_Univ,113.390000,23.060000,27.000000
Vechernaya_Hill,46.158000,-67.660000,80.000000
Manila_Observatory,121.077840,14.635250,63.000000
Mobile_N_011509_ND,76.919330,28.421230,221.000000
Mobile_S_011509_ND,76.939550,28.348240,250.000000
Ubon_Ratchathani,104.871011,15.245518,120.000000
Malaga,-4.477500,36.715000,40.000000
Shouxian,116.781950,32.558383,22.700000
Seysses,1.259722,43.503333,179.000000
Oukaimeden,-7.881111,31.214444,2700.000000
IIT_KGP_EXT_Kolkata,88.418000,22.574000,10.000000
Utsteinen,23.333333,-71.950000,1396.000000
Jaipur,75.806217,26.905817,450.000000
Hetauda,85.030933,27.428350,465.000000
Dhulikel,85.554050,27.620467,1568.000000
Regina,-104.713000,50.205000,0.000000
Yellowknife_Aurora,-114.376250,62.451300,220.800000
Langtang,85.492517,28.012233,3670.000000
Kuwait_Airport,47.972000,29.242000,56.000000
Lanzhou_City,103.853400,36.048050,1516.000000
Graciosa,-28.029722,39.091111,15.240000
Birkenes,8.252310,58.388450,230.000000
Bandung,107.610000,-6.888417,826.000000
Zinder_Airport,8.990233,13.776683,456.000000
NEON-Table_Mountain,-105.237000,40.125000,1689.000000
Kathmandu_Univ,85.538333,27.601067,1510.000000
LISCO,-73.341767,40.954517,12.000000
UMBC,-76.709353,39.254628,79.000000
SAGRES,-8.873517,37.047706,26.000000
Univ_of_Lethbridge,-112.868967,49.681672,737.000000
Easton_Airport,-76.072570,38.807450,15.000000
Tuz_Golu,33.336111,38.749444,907.000000
Kelowna_UAS,-119.400111,49.941294,456.000000
NCAR,-105.242770,40.037530,1601.000000
Eforie,28.632222,44.075000,40.000000
IASBS,48.507111,36.705167,1805.000000
QOMS_CAS,86.948056,28.365000,4276.000000
Buesum,8.878797,54.132250,7.000000
TUBITAK_UZAY_Ankara,32.778000,39.891000,924.000000
Ittoqqortoormiit,-21.951200,70.484800,68.000000
Lucinda,146.386100,-18.519800,8.000000
Salon_de_Provence,5.120278,43.605556,60.000000
Zhongshan,113.383333,22.515833,39.000000
ND_Marbel_Univ,124.842531,6.496011,70.000000
WaveCIS_Site_CSI_6,-90.483333,28.866667,32.660000
Goldstone,-116.791667,35.233333,1100.000000
Tinian,145.627597,15.073969,18.000000
Pokhara,83.971467,28.150817,807.000000
Apra_Harbor,144.663103,13.420442,10.000000
Pagan,145.762317,18.123483,15.000000
Baengnyeong,124.630278,37.966111,136.000000
Red_River_Delta,106.127700,20.728530,4.000000
Huelva,-6.568700,37.016300,25.000000
Brisbane-Uni_of_QLD,153.013611,-27.497083,42.000000
Sable_Island,-60.010000,43.933000,3.000000
LSU,-91.183883,30.406778,15.000000
CalTech,-118.126167,34.136730,260.000000
Fontana,117.493944,34.100035,362.000000
Cayenne,-52.321944,4.940278,20.000000
Bach_Long_Vy,107.733339,20.133321,5.000000
Yuma,-114.582780,32.644138,63.000000
CUT-TEPAK,33.042750,34.674806,22.000000
McClellan_AFB,-121.399444,38.667777,20.000000
Tiksi,128.921417,71.586917,0.000000
Dushanbe,68.857911,38.553264,821.000000
Appalachian_State,-81.693800,36.214600,1080.000000
Aubiere_LAMP,3.111072,45.760960,423.000000
Frioul,5.293333,43.266111,40.000000
Manus,147.425000,-2.060000,4.000000
ARM_Darwin,130.891000,-12.425000,29.900000
CLUJ_UBB,23.551389,46.768333,405.000000
Lugansk,39.364720,48.570400,90.000000
DRAGON_CHASE,-77.080002,38.978612,120.000000
DRAGON_RCKMD,-77.096220,39.065560,100.000000
DRAGON_OLNES,-77.068267,39.149148,180.000000
DRAGON_SPBRK,-77.005800,39.058100,110.000000
DRAGON_TKMPR,-76.997222,38.995278,90.000000
DRAGON_CLLGP,-76.908600,38.991100,65.000000
DRAGON_LAREL,-76.855000,39.080800,65.000000
DRAGON_LAUMD,-76.859200,39.142800,112.000000
DRAGON_BOWEM,-76.750600,38.974700,40.000000
DRAGON_ARNCC,-76.720800,39.158900,50.000000
DRAGON_ANNEA,-76.624700,39.164700,30.000000
DRAGON_CTNVL,-76.771944,39.275833,133.000000
DRAGON_BLTIM,-76.651066,39.263145,17.000000
DRAGON_CLKSV,-76.924700,39.191100,140.000000
DRAGON_ELLCT,-76.861603,39.266100,128.000000
Minqin,102.959000,38.607000,1373.000000
DRAGON_CLRST,-76.944450,39.205410,140.000000
Phu_Lien,106.631970,20.808540,71.000000
Zouerate-Fennec,-12.483333,22.750000,343.000000
Gloria,29.359670,44.599970,30.000000
Steamboat_Springs,-106.816990,40.463760,2070.000000
Bari_University,16.883983,41.108327,12.000000
NEON-Boulder,-105.268210,40.007870,1641.000000
Oujda,-1.898500,34.653167,620.000000
Timisoara,21.227360,45.746260,122.000000
Gainesville_Airport,-82.261000,29.695833,37.000000
Ordway-Swisher,-81.988106,29.697970,44.000000
Rio_de_Janeiro_UFRJ,-43.233806,-22.857306,88.000000
Yeomsan-Myeon,126.303012,35.236660,20.000000
NGHIA_DO,105.799640,21.047780,40.000000
Bambey-ISRA,-16.476733,14.708567,30.000000
Bordj_Badji_Mokhtar,0.920000,21.380000,420.000000
Vientiane,102.569642,17.992280,170.000000
San_Nicolas_Vandal,-119.536711,33.262214,194.000000
CASLEO,-69.306111,-31.799167,2552.000000
Manaus_EMBRAPA,-59.969778,-2.890528,115.000000
USC_SEAPRISM,-118.117820,33.563710,31.000000
Tabernas_PSA-DLR,-2.358180,37.090760,500.000000
Yonsei_University,126.934867,37.564370,88.000000
Georgia_Tech,-84.399537,33.780202,294.000000
Xinzheng,113.717000,34.383000,117.000000
Gageocho_Station,124.592912,33.941991,26.000000
Calern_OCA,6.926844,43.748856,1270.000000
Pretoria_CSIR-DPSS,28.279722,-25.756611,1449.000000
DRAGON_Padonia,-76.631669,39.462036,120.000000
DRAGON_Essex,-76.474486,39.310943,12.000000
DRAGON_Edgewood,-76.296352,39.409834,8.000000
DRAGON_Aldino,-76.203932,39.563433,127.000000
DRAGON_FairHill,-75.860059,39.701435,117.000000
DRAGON_Beltsville,-76.877491,39.054091,53.000000
DRAGON_PATUX,-76.709380,38.827168,26.000000
DRAGON_UMRLB,-76.814106,38.891262,44.000000
DRAGON_BLTNR,-76.618600,39.215600,50.000000
DRAGON_SHADY,-76.506108,38.840658,3.000000
DRAGON_ARNLS,-76.512926,39.058488,12.000000
DRAGON_WSTFD,-76.946248,39.301577,173.000000
DRAGON_ABERD,-76.165230,39.515103,37.000000
DRAGON_MLRVL,-76.606930,39.065027,25.000000
DRAGON_BLLRT,-76.578242,39.389385,127.000000
DRAGON_BTMDL,-76.441601,39.238826,5.000000
DRAGON_CPSDN,-76.462915,39.110656,24.000000
DRAGON_BLDND,-76.519504,39.258315,11.000000
DRAGON_ONNGS,-76.819120,39.387756,177.000000
DRAGON_BLTCC,-76.688429,39.362201,120.000000
DRAGON_MNKTN,-76.652318,39.572926,182.000000
DRAGON_FLLST,-76.413318,39.522366,151.000000
DRAGON_BATMR,-76.475550,39.398913,65.000000
DRAGON_EDCMS,-76.560012,38.922218,13.000000
DRAGON_ANNAS,-76.489498,38.975248,10.000000
Tomsk_22,84.074000,56.417000,80.000000
Muztagh_Ata,75.038764,38.408222,3674.000000
Montsec,0.729689,42.051417,1574.000000
Jomsom,83.714200,28.778214,2803.000000
Farmington_RSVP,-108.479991,36.797383,1641.000000
Kuching,110.348611,1.490556,28.000000
DRAGON_WileyFord,-78.773648,39.610446,217.000000
DRAGON_Bainbridge,-76.074122,39.606044,129.000000
DRAGON_PineyOrchard,-76.719202,39.060781,59.000000
DRAGON_KentIsland,-76.307864,38.979300,4.000000
ARM_Nainital,79.458270,29.358830,1943.000000
AZ_border_station,-114.700000,32.487000,49.000000
DRAGON_BelAir,-76.263098,39.500014,52.000000
DRAGON_Pasadena,-76.455440,39.111638,17.000000
DRAGON_Pylesville,-76.405349,39.675150,158.000000
DRAGON_EaglePoint,-76.270000,39.397778,4.000000
DRAGON_Worton,-76.091633,39.285436,24.000000
Bolzano,11.330000,46.456900,262.000000
Marbella_San_Pedro,-4.993439,36.486309,100.000000
Edinburgh,-3.179150,55.923967,97.500000
Bari_Waterfront,16.893400,41.116800,50.000000
Loskop_Dam,29.351624,-25.407575,1025.000000
Tuz_Golu_2,33.449000,38.837000,917.000000
Key_Biscayne2,-80.163330,25.731966,0.000000
Palma_de_Mallorca,2.625100,39.553300,10.000000
Masdar_Institute,54.616600,24.441600,4.000000
ARM_Gan_Island,73.149896,-0.690597,1.000000
Litang,100.261850,29.976300,3930.000000
Magurele_Inoe,26.030703,44.348292,90.000000
Grand_Forks,-97.325450,47.911750,268.000000
UNC-Bogota,-74.080800,4.636933,2594.000000
USM_Penang,100.302310,5.358380,51.000000
NEON17-SJER,-119.722136,37.090419,320.300000
NhaTrang,109.205556,12.204722,20.000000
Henties_Bay,14.259740,-22.095060,20.000000
Chiba_University,140.103800,35.624700,60.000000
Calhau,-24.867222,16.863889,40.000000
DRAGON_Fukue,128.682000,32.752000,80.000000
DRAGON_Fukuoka,130.475000,33.524000,30.000000
DRAGON_Matsue,133.010000,35.480000,10.000000
DRAGON_Nishiharima,134.336000,35.026000,420.000000
DRAGON_Mt_Rokko,135.230000,34.757000,760.000000
DRAGON_Mt_Ikoma,135.678667,34.679800,600.000000
DRAGON_Kobe,135.291000,34.720000,20.000000
DRAGON_Osaka-North,135.510000,34.774000,50.000000
DRAGON_Osaka-South,135.503867,34.543500,30.000000
DRAGON_Nara,135.828000,34.688000,80.000000
DRAGON_Kyoto,135.781000,35.026000,60.000000
DRAGON_Tsukuba,140.120278,36.050556,30.000000
Sandia_NM_PSEL,-106.540069,35.054583,1662.500000
Fresno_2,-119.773020,36.785370,100.000000
Bure_OPE,5.505000,48.562500,393.000000
Kandahar_AF,65.850136,31.502661,1005.000000
DRAGON_Fukue_2,128.817000,32.672000,50.000000
DRAGON_Fukue_3,128.745000,32.600000,10.000000
DRAGON_Kunsan_NU,126.683008,35.941072,32.000000
DRAGON_Hankuk_UFS,127.265820,37.338830,167.000000
DRAGON_Pusan_NU,129.083000,35.235000,71.000000
DRAGON_Kongju_NU,127.140023,36.470623,73.000000
DRAGON_Kyungil_Univ,128.823610,36.071667,122.000000
DRAGON_GangneungWNU,128.867000,37.771000,60.000000
DRAGON_Mokpo_NU,126.437360,34.913420,26.000000
DRAGON_Korea_Univ,127.025070,37.585140,65.400000
DRAGON_Kohriyama,140.382900,37.361042,230.000000
Univ_of_Nevada-Reno,-119.814033,39.540867,1410.000000
Coruna,-8.420800,43.363000,67.000000
CEILAP-Bariloche,-71.163333,-41.146944,840.000000
Hada_El-Sham,39.728900,21.802000,254.000000
Hong_Kong_Sheung,114.116600,22.483300,40.000000
UPRM_Lidar_Lab,-67.140125,18.210131,10.000000
Cairo_EMA_2,31.290067,30.080767,70.000000
Ouarzazate,-6.912867,30.928367,1136.000000
NEON_CVALLA,-105.167250,40.160630,1539.000000
Horsepool,-109.468000,40.144000,1545.000000
DRAGON_Sinjeong,126.858630,37.523410,27.100000
DRAGON_Soha,126.884700,37.452130,48.000000
DRAGON_Bokjeong,127.131230,37.456990,61.200000
DRAGON_Sanggye,127.068450,37.658850,35.000000
DRAGON_Guwol,126.724030,37.449670,38.500000
Luang_Namtha,101.416200,20.931100,557.000000
KAUST_Campus,39.102833,22.304833,11.200000
Son_La,103.905340,21.332130,683.000000
GOT_Seaprism,101.412300,9.286200,10.000000
DRAGON_Anmyeon,126.330020,36.538630,58.600000
DRAGON_NIER,126.639710,37.568930,26.900000
DRAGON_Konkuk_Univ,127.079774,37.542050,40.000000
DRAGON_Osaka_Center,135.530894,34.668477,30.000000
Tai_Ping,114.362000,10.375500,4.000000
Madrid,-3.723950,40.451900,680.000000
Bayfordbury,-0.096240,51.776320,75.000000
Tizi_Ouzou,4.055833,36.698611,133.000000
Iasi_LOASL,27.555556,47.193056,175.000000
U_of_Wisconsin_SSEC,-89.411354,43.072492,330.000000
Kyiv-AO,30.498000,50.452300,200.000000
Bhola,90.750000,22.166667,3.000000
ARM_Barnstable_MA,-70.290061,41.669589,15.000000
Tahir,100.196700,5.411000,37.000000
Jambi,103.641563,-1.632445,30.000000
DRAGON_Garland,-119.773020,36.785370,100.000000
Pontianak,109.190860,0.075380,2.000000
El_Nido_Airport,119.413500,11.205100,4.000000
NEON_GrandJunction,-108.535500,39.127100,1470.000000
NEON_Ivanpah,-115.381780,35.550655,796.000000
Zaragoza,-0.882350,41.633400,250.000000
Gorongosa,34.350750,-18.978417,30.000000
Las_Galletas,-16.654500,28.015200,20.000000
Dhaka_University,90.398190,23.728390,34.000000
Lake_Lefroy,121.705000,-31.255000,300.000000
FZJ-JOYCE,6.412500,50.908333,108.000000
DRAGON_Permatang_DL,100.271253,5.277875,13.000000
DRAGON_PayaTerubong,100.275847,5.375964,30.000000
DRAGON_Georgetown,100.329481,5.413869,15.000000
DRAGON_Pantai_Aceh,100.196739,5.411367,35.000000
DRAGON_USM_Research,100.200075,5.467486,15.000000
DRAGON_KampungBharu,100.463158,5.341589,10.000000
DRAGON_Bukit_Tengah,100.432603,5.342450,5.000000
Badajoz,-7.010820,38.882808,186.000000
Gangneung_WNU,128.867000,37.771000,60.000000
Kyungil_University,128.823610,36.071667,122.000000
Hankuk_UFS,127.265820,37.338830,167.000000
Osaka-North,135.510000,34.774000,50.000000
Korea_University,127.025070,37.585140,65.400000
Kobe,135.291000,34.720000,20.000000
Fukue,128.682000,32.752000,80.000000
Fukuoka,130.475000,33.524000,30.000000
Nara,135.828000,34.688000,80.000000
Pusan_NU,129.083000,35.235000,71.000000
Jakarta,106.841687,-6.155695,10.000000
DRAGON_Yishun_ITE,103.844876,1.434638,2.000000
DRAGON_Pandan_Resrv,103.742362,1.318808,2.000000
DRAGON_Temasek_Poly,103.930621,1.344821,10.000000
DRAGON_MEWR_Central,103.836486,1.310906,50.000000
DRAGON_St_Johns_Is,103.849615,1.217950,15.000000
San_Giuliano,9.519167,42.285556,10.000000
ARM_Highlands_MA,-70.049317,42.030478,47.853600
Cerro_Poyos,-3.486660,37.108330,1830.000000
DRAGON_Jalan_ChainF,100.381339,5.400542,8.000000
DRAGON_Pondok_Upeh,100.226610,5.333250,16.000000
Montesoro_Bastia,9.435050,42.671983,49.900000
Valladolid,-4.705830,41.663600,705.000000
Palangkaraya,113.946240,-2.227990,27.000000
Dunhuang_LZU,94.955030,40.492370,1061.000000
Matanuska,-147.748667,61.776883,560.000000
DRAGON_UiTM,100.416310,5.383130,7.000000
Yevpatoria,33.142200,45.214700,0.000000
Medellin,-75.577914,6.260672,1471.000000
NEON_HighParkFire,-105.335581,40.624173,2483.000000
NEON_HarvardForest,-72.189899,42.533074,338.000000
Porto_Velho_UNIR,-63.939983,-8.837083,94.000000
Alboran,-3.036667,35.945000,15.000000
Murcia,-1.170700,38.001000,69.000000
Wuhan_City,114.354597,30.528294,50.111000
Ciutadella_Menorca,3.836864,39.985279,24.000000
Barranco,37.327850,-3.095750,3969.000000
Kilimanjaro_Base,37.348100,-3.060950,5750.000000
Kilimanjaro_Top,37.346500,-3.059200,5803.000000
DRAGON_Gwangju_GIST,126.843139,35.228278,52.000000
DRAGON_Bakersfield,-119.000008,35.331506,50.000000
DRAGON_Shafter,-119.272500,35.503610,86.000000
DRAGON_Clovis,-119.716390,36.819310,90.000000
DRAGON_Corcoran,-119.565830,36.102220,25.000000
DRAGON_Drummond,-119.741390,36.705560,90.000000
DRAGON_Hanford,-119.643230,36.315720,50.000000
DRAGON_Madera_City,-120.034418,36.953162,78.000000
DRAGON_Parlier,-119.503690,36.597440,104.000000
DRAGON_Tranquility,-120.382340,36.634340,43.000000
UH_Coastal_Center,-95.042500,29.388300,5.000000
Donetsk,37.809444,48.020833,300.000000
Yen_Bai,104.868940,21.704950,53.000000
SmithsonianAO,-110.967000,31.667000,2343.600000
Kathmandu-Bode,85.390000,27.680000,1360.000000
DRAGON_Porterville,-119.055050,36.031790,136.000000
DRAGON_Visalia,-119.393010,36.314110,89.000000
DRAGON_Huron,-120.105450,36.206150,113.000000
DRAGON_Arvin,-118.787810,35.237959,158.000000
Doi_Ang_Khang,99.045400,19.932450,1536.000000
Beijing-CAMS,116.316670,39.933330,106.000000
Mt_WLG,100.895830,36.283330,3816.000000
Lumbini,83.280000,27.490000,110.000000
MetObs_Lindenberg,14.120870,52.209275,120.000000
Gozo,14.264694,36.034139,111.000000
Ben_Salem,9.914003,35.550550,130.000000
Heng-Chun,120.699500,22.054742,25.000000
HOPE-Krauthausen,6.414500,50.879600,100.000000
HOPE-Hambach,6.463900,50.897200,110.000000
HOPE-Inselhombroich,6.643600,51.151400,70.000000
HOPE-RWTH-Aachen,6.060600,50.777700,230.000000
CENER,-1.602187,42.816424,471.000000
HohenpeissenbergDWD,11.011900,47.801900,989.680000
SEARCH-Centreville2,-87.249680,32.902890,126.000000
Outlying_Field,-87.375310,30.549970,44.000000
Red_Lake,-114.051000,35.684000,843.000000
Fowlers_Gap,141.700820,-31.086300,181.000000
Santa_Monica_Colg,-118.471130,34.016850,55.000000
Beijing_RADI,116.378600,40.004800,59.000000
DRAGON_Conroe,-95.425000,30.350278,72.000000
DRAGON_NW_Harris_CO,-95.673889,30.039444,51.000000
DRAGON_Aldine,-95.326125,29.901037,20.000000
DRAGON_West_Houston,-95.656944,29.833056,34.000000
DRAGON_UH_W_Liberty,-94.978100,30.058300,24.000000
DRAGON_Clinton,-95.257500,29.733611,10.000000
DRAGON_UH_Sugarland,-95.652000,29.574100,22.000000
DRAGON_Channel_View,-95.125556,29.802500,10.000000
DRAGON_Deer_Park,-95.128485,29.670046,10.000000
DRAGON_SeabrookPark,-95.015544,29.583047,4.000000
DRAGON_ManvelCroix,-95.392522,29.520427,19.000000
DRAGON_Galveston,-94.861289,29.254474,1.000000
DRAGON_Smith_Point,-94.786969,29.546244,1.000000
SEARCH-Centreville,-87.249680,32.902890,126.000000
SEARCH-Yorkville,-85.045550,33.928330,394.000000
SEARCH-OLF,-87.375310,30.549970,44.000000
Baghdad,44.428831,33.291903,40.000000
Galata_Platform,28.193190,43.044624,31.000000
Dolly_Sods,-79.430000,39.110000,1182.000000
Boyd_County_MS,-82.700033,38.427461,207.000000
IMPROVE-MammothCave,-86.147900,37.131800,235.000000
St_Louis_University,-90.231552,38.636342,159.000000
Mingo,-90.143200,36.971700,111.000000
Upper_Buffalo,-93.203000,35.825800,722.000000
Cape_Romain,-79.657200,32.941000,4.000000
EPA-Res_Triangle_Pk,-78.870000,35.880000,109.000000
Barbados_SALTRACE,-59.624839,13.148513,110.000000
Itajuba,-45.452389,-22.413250,856.000000
Caldwell_Parish_HS,-92.096277,32.060303,50.000000
SP_Bayboro,-82.633000,27.761550,5.000000
Leland_HS,-90.892850,33.402128,37.000000
Cap_d_En_Font,4.208167,39.825722,10.000000
Tunis_Carthage,10.199781,36.838719,10.000000
ASPET,0.795000,43.025000,500.000000
Narsarsuaq,-45.419379,61.155952,75.000000
Cagliari,9.052333,39.281000,10.000000
Yushan,120.951739,23.489303,3844.000000
Carloforte,8.309875,39.139908,15.000000
Exeter_MO,-3.475167,50.728519,40.000000
Tallahassee,-84.299350,30.445833,49.000000
ORS_Hermosillo,-111.145556,29.027500,154.000000
CEILAP-Comodoro,-67.462875,-45.792153,49.000000
Fort_McKay,-111.640000,57.183500,267.000000
Mon_Pin,99.045000,19.933000,1517.000000
White_Salmon,-121.512500,45.766660,500.000000
NEON_Sterling,-103.029297,40.461903,1372.000000
Chiayi,120.495975,23.495975,27.000000
Puli,120.966890,23.968560,446.000000
HOPE-Melpitz,12.927601,51.525525,84.000000
Strzyzow,21.861300,49.878600,450.000000
DRAGON_Galveston_DP,-94.861289,29.254474,1.000000
Calipso_Carthage,-94.066270,32.064340,80.000000
Calipso_Sabine_Frst,-93.867433,31.607300,68.000000
Baskin,-91.738660,32.282220,23.000000
ARM_Graciosa,-28.029170,39.091090,15.200000
ARM_Oliktok_AK,-149.880000,70.499500,2.000000
Cat_Spring,-96.325617,29.829050,90.000000
NW_Chapel_Hill,-79.093400,35.971200,175.000000
James_Res_Center,-76.659176,35.872594,5.000000
Orlean_Bricy,1.761111,47.986667,120.000000
IAOCA-KRSU,78.528950,42.463830,1930.000000
NEON-CASTNET,-105.542538,40.278572,2730.000000
NEON-CPER,-104.744238,40.812444,1655.000000
NEON-HQ,-105.246828,40.015895,1603.000000
NEON-RailroadValley,-115.691000,38.497000,1437.000000
NEON-SoaprootSaddle,-119.281139,37.037434,1360.000000
Ieodo_Station,125.182447,32.122953,29.000000
LAQUILA_Coppito,13.350636,42.368386,656.000000
LAQUILA_Gransasso,13.550414,42.447908,2401.000000
Noumea,166.444167,-22.301944,12.000000
Toulouse_MF,1.374320,43.572610,160.000000
Bujumbura,29.383833,-3.380000,863.000000
Martova,36.953000,49.936000,120.000000
CEILAP-Neuquen,-68.136660,-38.952220,271.000000
ARM_HyytialaFinland,24.287847,61.843536,179.000000
ARM_Manacapuru,-60.598056,-3.212972,49.990000
Changchun,125.395700,44.000140,207.000000
AOE_Baotou,109.628800,40.851700,1270.000000
Mongu_Inn,23.134333,-15.266667,1040.000000
Karunya_University,76.744100,10.935300,478.000000
Progress,76.388610,-69.377780,32.000000
El_Farafra,27.990167,27.058000,92.000000
Maeson,99.170690,19.830460,502.000000
Zeebrugge-MOW1,3.120000,51.362000,15.000000
Fuguei_Cape,121.537900,25.297300,15.000000
Santiago_Beauchef,-70.661666,-33.457222,560.000000
SEGC_Lope_Gabon,11.600820,-0.201550,280.000000
DRAGON_Chatfield_Pk,-105.070365,39.534500,1676.000000
DRAGON_DenverLaCasa,-105.005180,39.779490,1601.000000
DRAGON_Fort_Collins,-105.141410,40.592795,1572.000000
DRAGON_NREL-Golden,-105.177990,39.743725,1833.000000
DRAGON_Platteville,-104.726100,40.182765,1523.000000
DRAGON_Boulder,-105.261325,39.991859,1660.000000
DRAGON_Niwot_Ridge,-105.533313,40.031795,2886.000000
DRAGON_Welch,-105.139510,39.638780,1743.000000
DRAGON_Weld_Co_Twr,-104.737445,40.386360,1484.000000
DRAGON_Aurora_East,-104.569130,39.638540,1802.000000
DRAGON_Squaw_Mtn,-105.493284,39.679690,3492.000000
XuZhou-CUMT,117.141670,34.216670,59.700000
Maggie_Valley,-83.094730,35.519816,917.000000
Paardefontein,28.374719,-25.495986,1217.000000
Sigma_Space_Corp,-76.836472,38.953000,44.800000
Shijiazhuang-SZF,114.458330,38.016670,158.000000
Shijiazhuang-CHEY,114.550000,38.000000,88.000000
KITcube_Masada,35.372297,31.322547,-350.000000
Lingshan_Mountain,115.496200,40.053700,1653.000000
FINO,25.669762,35.337707,233.000000
DRAGON_Rocky_Flats,-105.188575,39.912795,1803.000000
American_Samoa,-170.564400,-14.247200,76.000000
Gobabeb,15.041058,-23.561619,405.000000
Medenine-IRA,10.642547,33.499633,33.500000
Berlin_FUB,13.310333,52.457500,80.000000
Tuz_Golu_3,33.464678,38.792469,906.170000
Easton-MDE,-76.084250,38.794972,4.500000
Durban_UKZN,30.944011,-29.817233,205.000000
NEON_Bartlett,-71.287203,44.063881,273.000000
NEON_Harvard,-72.172661,42.536900,348.000000
Sirmione_Museo_GC,10.605833,45.500278,86.500000
NEON-Disney,-81.436200,28.125039,19.000000
NEON_OSBS,-81.993431,29.689269,47.000000
USGS_Flagstaff_ROLO,-111.634420,35.214840,2179.600000
Raciborz,18.191700,50.083100,230.000000
UdeConcepcion-CEFOP,-73.025310,-36.842780,170.000000
Toyama,137.187000,36.699000,30.000000
Socheongcho,124.738039,37.423133,28.000000
NEON_RMNP,-105.545972,40.275900,2750.000000
NEON_SCBI,-78.139500,38.892919,354.000000
NEON_UNDE,-89.537250,46.233881,520.000000
NEON_OAES,-99.058790,35.410590,523.000000
Nong_Khai,102.716710,17.877200,175.000000
Nicosia,33.381353,35.140628,181.000000
KIOST_Ansan,126.831667,37.285983,8.000000
Blyth_NOAH,-1.420859,55.146399,19.000000
Efri-Vik_Iceland,-17.965089,63.774942,36.000000
NEON_TALL,-87.393269,32.950461,165.000000
Huancayo-IGP,-75.320900,-12.040200,3352.000000
Thornton_C-power,2.955278,51.532500,30.000000
Poprad-Ganovce,20.322000,49.035000,706.000000
AgiaMarina_Xyliatou,33.057700,35.038000,521.000000
NEON_ORNL,-84.282588,35.964128,344.000000
TWRS,-114.849910,45.103582,1166.000000
Taylor_Ranch_TWRS,-114.849950,45.103500,1039.000000
NEON_ONAQ,-112.452439,40.177589,1656.000000
Wallops_ACHIEVE,-75.471000,37.933486,13.500000
UNC-Gaitan,-72.351800,4.310680,192.000000
NEON_KONZ,-96.563090,39.100770,415.000000
KITcube_Karlsruhe,8.427900,49.093300,140.000000
Melpitz,12.927601,51.525525,84.000000
NEON_WOOD,-99.241356,47.128228,590.000000
Black_Spruce_Sta,-148.323067,64.696667,125.000000
Amiaz,35.341975,31.067081,-244.000000
Shizafon,35.030167,30.064825,480.000000
Simonstown_IMT,18.445670,-34.192720,27.000000
NEON_MOAB,-109.388269,38.248331,1799.000000
Shagaya_Park,47.060528,29.209072,242.000000
Camborne_MO,-5.326560,50.217820,87.000000
Pagosa_Springs,-107.050258,37.270278,2316.480000
Makassar,119.572270,-4.997680,16.000000
ARM_McMurdo,166.729722,-77.848889,73.000000
ARM_WAIS,-112.083333,-79.470556,1829.000000
Sorong,131.267700,-0.874600,127.000000
NEON_MLBS,-80.524836,37.378306,1170.000000
Douliu,120.544800,23.711700,60.000000
USC_SEAPRISM_2,-118.117820,33.563710,31.000000
Haymana_Ankara,32.693879,39.614973,1060.000000
Hokkaido_University,141.340700,43.075500,59.000000
Kuwait_Inst_Sci_Res,47.906453,29.337914,10.000000
Rome_ESA_ESRIN,12.671833,41.826667,240.000000
Santa_Rosa,-85.615917,10.841500,320.000000
Cachoeira_Paulista,-45.006000,-22.689000,574.000000
Aras_de_los_Olmos,-1.101600,39.945000,1280.000000
Weizmann_Institute,34.810531,31.907235,73.000000
Windhoek-NUST,17.073040,-22.565910,1676.000000
Paracou,-52.925833,5.266944,50.000000
Upington,21.156000,-28.379000,865.000000
Bose_Institute,88.261403,27.031467,2180.000000
NEON_SERC,-76.560017,38.890117,9.753600
Bukit_Kototabang,100.318050,-0.201940,864.500000
NEON_UKFS,-95.192150,39.040431,321.000000
NEON_LENO,-88.161219,31.853881,13.100000
Amazon_ATTO_Tower,-58.999867,-2.144117,210.000000
Koforidua_ANUC,-0.302058,6.109408,205.000000
NEON_HEAL,-149.213339,63.875689,678.180000
Loftus_MO,-0.861733,54.562700,159.000000
Watnall_MO,-1.250958,53.005652,120.000000
Potchefstroom,27.091000,-26.690000,1355.000000
Natal,-35.199500,-5.841500,40.000000
ORS_UNAM_ISNP,-99.203683,19.399467,2361.000000
Napoli_CeSMA,14.306567,40.836842,50.000000
Windpoort,15.482778,-19.365556,1206.000000
Tsumkwe,20.442500,-19.616667,1154.000000
Bonanza,19.590278,-21.825556,1382.000000
HESS,16.502944,-23.273000,1266.000000
Lubango,13.445000,-14.958000,2047.000000
Namibe,12.178000,-15.159000,11.000000
KORUS_Taehwa,127.310330,37.312480,152.000000
KORUS_Osan,127.040000,37.080000,20.000000
KORUS_Iksan,127.005200,35.962200,84.000000
KORUS_UNIST_Ulsan,129.189700,35.581900,106.000000
KORUS_Kyungpook_NU,128.606416,35.889989,65.000000
KORUS_Olympic_Park,127.124180,37.521650,45.000000
Niigata,138.942000,37.846000,10.000000
KORUS_Daegwallyeong,128.758720,37.687120,837.000000
Lamezia_Terme,16.232100,38.876400,8.000000
Arrival_Heights,166.667000,-77.833000,193.000000
NEON_GUAN,-66.868700,17.969550,128.000000
KORUS_NIER,126.639710,37.568930,26.900000
KORUS_Mokpo_NU,126.437360,34.913420,26.000000
Bakersfield,-119.000008,35.331506,50.000000
Alishan,120.813410,23.508440,2416.000000
Lake_Erie,-83.193600,41.825600,173.500000
EastMalling_MO,0.440000,51.290000,33.000000
KORUS_Baeksa,127.569100,37.411560,64.000000
KORUS_Songchon,127.489460,37.338490,90.000000
SONET_Harbin,126.614000,45.705000,187.900000
SONET_Nanjing,118.957000,32.115000,52.000000
SONET_Shanghai,121.481000,31.284000,84.500000
SONET_Zhoushan,122.188000,29.994000,29.000000
SONET_Xingtai,114.360000,37.182000,185.100000
KITcube_Save,2.427925,8.000928,166.000000
SONET_Hefei,117.162222,31.904722,36.000000
NASA_KSC,-80.663476,28.463763,1.200000
Santo_Pekoa,167.219000,-15.508000,50.000000
Rhyl_MO,-3.508590,53.259290,77.000000
Modesto,-120.994220,37.642170,33.000000
St_Helena,-5.667300,-15.942400,434.000000
POLWET_Rzecin,16.309589,52.762019,54.000000
Santiago_Beauchef_2,-70.661666,-33.457222,560.000000
ARM_DACCIWA_Save,2.427925,8.000928,166.000000
Albergue_UGR,-3.386989,37.095598,2501.000000
ARM_Ascension_Is,-14.349806,-7.966964,341.000000
ARM_Macquarie_Is,158.934581,-54.499561,3.600000
Doi_Inthanon,98.485556,18.590000,2565.000000
Vienna_UNIVIE,16.355833,48.221667,225.000000
Stornoway_MO,-6.182147,58.211560,82.500000
Beijing_PKU,116.310200,39.992000,53.000000
Mount_Wilson,-118.055900,34.224700,1710.000000
SP-EACH,-46.499670,-23.481630,754.000000
Portglenone_MO,-6.457000,54.865000,64.000000
Lerwick_MO,-1.185113,60.139372,82.000000
UACJ_UNAM_ORS,-106.431667,31.743333,1127.000000
Technion_Haifa_IL,35.024900,32.775870,230.000000
Possession_Island,15.194255,-27.010428,3.000000
DRAGON_Henties_1,14.295125,-22.052274,60.000000
DRAGON_Henties_2,14.339791,-22.115908,50.000000
DRAGON_Henties_3,14.377948,-22.184012,30.000000
DRAGON_Henties_4,14.345504,-22.020377,100.000000
DRAGON_Henties_5,14.399573,-22.091751,90.000000
DRAGON_Henties_6,14.430668,-22.166736,80.000000
Paranal_CTA,-70.324794,-24.701105,2154.000000
UPC-GEAB-Valledupar,-73.329300,9.559600,157.000000
Crucero,-69.566200,-22.274500,1176.000000
Glasgow_MO,-4.531220,55.906800,59.000000
Walvis_Bay_airport,14.640000,-22.980000,82.000000
Oxford,-1.256000,51.759000,87.000000
Mesa_Lakes,-108.100200,39.044300,2975.000000
